500 500
290 477
477 481
310 464
371 442
362 387
452 461
235 458
254 380
65 452
425 480
383 436
384 495
4 214
458 476
298 456
142 300
98 379
15 139
59 356
180 184
100 350
105 182
257 500
352 374
100 107
280 468
119 262
151 485
257 277
412 486
390 440
40 76
197 410
216 402
431 452
141 363
225 384
345 415
467 489
386 398
368 397
295 362
423 428
407 477
52 440
110 340
27 300
90 461
449 475
359 377
52 347
70 185
435 442
266 359
89 92
250 387
433 434
290 310
191 243
212 266
59 308
170 442
484 497
33 417
54 190
71 376
3 301
126 376
456 487
420 485
86 351
362 490
136 199
214 477
142 225
86 473
371 424
243 251
353 461
326 482
439 464
155 308
296 315
100 419
56 435
55 497
226 436
70 184
318 489
287 430
220 303
60 144
403 416
291 497
256 458
259 321
94 118
28 266
420 447
210 382
368 432
416 444
346 418
343 366
167 244
495 498
487 489
405 416
18 330
57 414
210 309
37 85
421 426
339 471
43 377
262 360
145 306
77 241
20 363
385 392
398 492
274 461
422 463
323 445
34 418
116 125
67 123
274 275
187 235
340 420
25 329
225 358
363 486
57 335
315 387
322 462
350 452
447 488
235 465
273 453
106 390
105 314
448 483
377 430
481 495
43 333
346 375
469 477
298 345
116 487
382 455
164 474
77 350
322 333
11 491
439 486
429 471
229 422
153 433
366 474
276 309
172 476
129 293
465 487
342 414
210 436
373 384
266 320
140 361
458 498
32 74
385 445
46 406
44 275
250 443
162 401
92 146
135 308
176 485
408 421
221 493
261 380
449 470
98 336
88 464
421 466
443 450
334 440
104 320
250 301
239 370
372 382
119 183
47 141
435 445
459 482
135 247
417 467
227 401
183 232
125 464
458 476
145 465
446 450
86 333
170 365
158 453
62 307
177 276
304 376
465 470
87 190
168 178
196 354
272 339
438 488
225 286
495 498
497 499
413 436
389 394
211 231
487 499
23 366
181 277
74 403
86 312
119 361
130 460
309 497
123 376
61 265
449 480
349 445
0 363
196 278
123 283
318 327
405 496
230 329
247 432
250 445
161 219
313 446
188 198
47 363
330 365
391 411
18 146
140 160
420 500
408 473
53 329
103 336
98 153
295 307
428 488
156 177
391 489
1 304
62 243
2 400
386 496
18 466
395 468
143 152
147 470
27 43
412 480
310 428
368 432
410 412
137 223
465 487
238 397
376 491
133 229
167 182
21 287
342 422
364 448
311 426
476 480
273 489
311 355
176 198
43 405
293 478
448 471
372 389
397 471
363 485
244 371
73 286
154 302
265 379
75 265
156 450
57 422
89 122
461 485
451 494
10 21
79 268
193 490
221 315
233 319
34 459
315 468
181 190
332 362
330 465
352 356
50 341
338 363
25 179
23 208
91 386
45 459
114 119
185 478
374 400
495 498
119 417
388 452
93 386
131 376
60 238
272 406
378 409
158 284
228 302
405 469
275 295
63 158
356 408
242 408
293 315
120 388
92 493
13 490
322 466
465 476
50 85
266 366
284 379
490 496
332 342
202 423
207 362
230 242
220 400
49 286
99 450
322 357
35 178
169 357
341 365
351 478
436 470
52 352
245 298
67 319
413 416
16 166
319 463
105 275
353 466
121 215
279 461
124 316
9 310
280 468
475 477
453 461
231 293
424 487
280 352
358 414
410 443
414 468
4 284
183 346
289 312
155 291
376 406
33 92
346 488
215 336
67 454
85 314
464 500
78 115
277 378
58 255
12 155
87 496
311 385
464 480
468 496
470 485
31 486
438 461
77 136
379 406
347 450
284 497
47 130
492 498
65 496
174 197
280 385
154 366
38 111
73 315
285 389
212 482
336 387
167 398
207 369
76 229
111 154
214 249
304 487
66 119
119 232
291 307
298 456
354 427
249 488
354 441
156 493
489 491
291 430
150 372
301 416
242 402
48 54
348 371
495 497
76 392
62 244
106 268
218 245
468 497
169 366
116 279
419 484
377 416
466 480
197 307
109 394
300 418
68 92
486 497
300 361
220 247
302 481
450 452
340 424
53 123
484 493
185 464
135 165
120 141
437 490
450 472
438 469
461 481
226 494
109 428
86 468
193 296
447 478
390 426
169 465
467 475
155 436
345 429
376 450
414 430
276 303
182 301
44 95
67 215
227 469
276 367
151 328
56 86
375 432
154 391
385 453
470 479
162 446
326 475
0 359
251 322
151 490
170 242
477 479
